Tail Turning on X_axis,Tail twisting on Y-axis,Tail-Main Distance,AOA of Main Wing,Mean Fx,Mean Fy,Mean Fz,Mean Tx,Mean Ty,Mean Tz
0,0,0,-10,0.039547326,-0.141331642,0.006572677,-0.099861845,0.006067073,-0.014479682
0,0,0,0,0.030868514,-0.105802627,0.297018289,-0.147954374,0.034489737,-0.004700627
0,0,0,10,0.054188741,-0.173984011,0.516174018,-0.254103166,-0.031276834,0.003207864
0,0,5,-10,0.059379571,-0.109979813,0.024869166,-0.145497907,-0.008499472,-0.008898183
0,0,5,0,0.050963614,-0.060840649,0.32611962,-0.181800518,0.029506451,-0.002486236
0,0,5,10,0.062513473,-0.151732847,0.538795423,-0.283173321,-0.035648271,0.007873442
0,0,10,-10,0.032610714,-0.172388721,-0.030583532,-0.137228066,-0.007155206,-0.009583248
0,0,10,0,0.024708283,-0.127538025,0.260654905,-0.164640458,0.044000736,-0.004220958
0,0,10,10,0.033083373,-0.209206573,0.540810216,-0.260813412,-0.02663115,0.006743623
0,0,15,-10,0.030484811,-0.183997266,-0.068625753,-0.208352796,-0.014827392,-0.005678353
0,0,15,0,0.018234135,-0.134339972,0.273162258,-0.216729857,0.032974201,-0.002179633
0,0,15,10,0.028600412,-0.216133773,0.5019981,-0.302418609,-0.033930168,0.009296492
0,0,20,-10,0.019243353,-0.182233239,-0.081498691,-0.251207833,-0.022166872,-0.003401022
0,0,20,0,0.009788832,-0.142270258,0.262625201,-0.261371945,0.022176392,0.001351585
10,0,0,-10,0.020109029,-0.161887309,-0.038667279,-0.076777247,0.003072543,-0.01181386
10,0,0,0,0.0145415,-0.127284849,0.258238005,-0.130801718,0.042078576,-0.004483297
10,0,0,10,0.030696553,-0.215904787,0.505406844,-0.263647932,-0.031778271,0.006233421
10,0,5,-10,0.020243851,-0.165493515,-0.055474432,-0.110759816,-0.003200498,-0.009272892
10,0,5,0,0.019669626,-0.133321613,0.280529071,-0.161896513,0.029833097,-0.003872021
10,0,5,10,0.028194349,-0.224016228,0.464228322,-0.281831036,-0.032880181,0.006835931
10,0,10,-10,0.018971064,-0.172415968,-0.072257832,-0.142483115,-0.005130854,-0.007827974
10,0,10,0,0.015539993,-0.133206858,0.252286397,-0.181629776,0.026364993,-0.00216761
10,0,10,10,0.027176112,-0.22969286,0.449780477,-0.297821009,-0.034748316,0.010545607
10,0,15,-10,0.016680861,-0.16670688,-0.078120698,-0.177466322,-0.01088201,-0.005951598
10,0,15,0,0.012327701,-0.127154546,0.250285094,-0.211977137,0.020808542,0.000212991
10,0,15,10,0.025624403,-0.218106145,0.444444148,-0.315741657,-0.037448831,0.012925912
10,0,20,-10,0.016493109,-0.167653266,-0.084489024,-0.20767119,-0.016990583,-0.004843398
10,0,20,0,0.009024116,-0.123661801,0.243780593,-0.234090945,0.016537056,0.000769361
10,0,20,10,0.023658724,-0.226504411,0.435914436,-0.332450823,-0.042370477,0.012720131
20,0,0,-10,0.005928877,-0.172339516,-0.072977591,-0.065384637,0.005298241,-0.007841019
20,0,0,0,0.000696405,-0.142747406,0.233937283,-0.127712864,0.042036538,-0.002059426
20,0,0,10,0.022797263,-0.233640489,0.453467172,-0.270071828,-0.031228465,0.009757102
20,0,5,-10,0.008404353,-0.185203729,-0.078664881,-0.09459266,0.000312166,-0.005604152
20,0,5,0,0.003266235,-0.145569717,0.242806746,-0.149047423,0.034533609,0.000321157
20,0,5,10,0.021350059,-0.228161957,0.439523939,-0.281648087,-0.032144612,0.012424126
20,0,10,-10,0.006387652,-0.174866779,-0.078831357,-0.116787118,0.00283651,-0.004958398
20,0,10,0,0.003774084,-0.143555695,0.236356499,-0.167217645,0.029588589,0.001235183
20,0,10,10,0.023027794,-0.217334664,0.426536203,-0.292700366,-0.036012019,0.012554993
20,0,15,-10,0.008618672,-0.199031394,-0.096144577,-0.147762608,-0.006625614,-0.002078475
20,0,15,0,0.00552149,-0.152171819,0.225865042,-0.188490474,0.024631046,0.003079458
20,0,15,10,0.02302766,-0.225191257,0.419177098,-0.309904573,-0.038776007,0.014918639
20,0,20,-10,0.009273791,-0.174286124,-0.0936784,-0.164478106,-0.008940508,-0.002312421
20,0,20,0,0.004592568,-0.141423183,0.224255001,-0.203526421,0.021101754,0.003337733
20,0,20,10,0.024229422,-0.215408957,0.410623659,-0.321041409,-0.041612704,0.014587834
30,0,0,-10,0.011106701,-0.195933827,-0.086175812,-0.065067089,0.001887374,-0.005278073
30,0,0,0,0.008026162,-0.166133483,0.219690603,-0.136584822,0.034434852,0.001238631
30,0,0,10,0.025857068,-0.245017907,0.426864507,-0.278424829,-0.034019051,0.012438322
30,0,5,-10,0.008335232,-0.193100551,-0.077892301,-0.085841768,0.001438427,-0.004100471
30,0,5,0,0.002933202,-0.162377912,0.227588424,-0.150307653,0.032394047,0.001712283
30,0,5,10,0.02239201,-0.261537074,0.401423491,-0.291786943,-0.034051157,0.01482958
30,0,10,-10,0.013455135,-0.194056413,-0.0908386,-0.107845297,-0.002613612,-0.003834259
30,0,10,0,0.00995913,-0.163325566,0.220295233,-0.170769578,0.02574354,0.001870817
30,0,10,10,0.027007551,-0.248238388,0.395008383,-0.302859899,-0.039024197,0.013577066
30,0,15,-10,0.013327622,-0.199456379,-0.093575581,-0.126707933,-0.003412896,-0.003225026
30,0,15,0,0.012248234,-0.165264853,0.21630273,-0.184937151,0.021082851,0.001970225
30,0,15,10,0.027690551,-0.272548456,0.372270563,-0.321238113,-0.040816682,0.014503517
30,0,20,-10,0.015407321,-0.196424467,-0.096846685,-0.144239415,-0.006666025,-0.00227388
30,0,20,0,0.013750608,-0.166826893,0.211814671,-0.20236634,0.015099535,0.003555381
30,0,20,10,0.031104071,-0.252636212,0.385372606,-0.32967937,-0.046158299,0.014696422
0,22.5,0,-10,0.005435102,-0.066707322,-0.044798568,-0.108052138,0.034456811,0.006776715
0,22.5,0,0,0.009523231,-0.019835943,0.263841064,-0.149954126,0.03889684,0.008983931
0,22.5,0,10,0.032578695,-0.127604457,0.451848668,-0.265753988,-0.049747294,0.005590368
0,22.5,5,-10,0.00229131,-0.069832882,-0.062845785,-0.151151267,0.030161578,0.011128197
0,22.5,5,0,0.002584005,-0.017773546,0.251274611,-0.185914447,0.032562259,0.010948478
0,22.5,5,10,0.030107147,-0.10986719,0.436871364,-0.286121282,-0.053379665,0.003662132
0,22.5,10,-10,0.004356372,-0.070445916,-0.078486399,-0.193089483,0.024974211,0.016214795
0,22.5,10,0,0.004370309,-0.020600711,0.239724524,-0.223411513,0.023000543,0.01357687
0,22.5,10,10,0.024936223,-0.14568913,0.407305684,-0.320948913,-0.056506943,0.004303748
0,22.5,15,-10,-0.000147701,-0.075057345,-0.093787664,-0.236003818,0.020087536,0.021718828
0,22.5,15,0,0.000126698,-0.019492043,0.228367463,-0.258464274,0.013838521,0.01587923
0,22.5,15,10,0.026202027,-0.127547629,0.403698779,-0.345585037,-0.062192898,0.000693595
0,22.5,20,-10,0.001302335,-0.07606684,-0.109540737,-0.277904138,0.012426547,0.025790056
0,22.5,20,0,-0.001119203,-0.028977675,0.209442518,-0.295134136,0.005149948,0.0183119
0,22.5,20,10,0.019665709,-0.12193162,0.391996218,-0.367760215,-0.068620444,-0.001812081
0,45,0,-10,0.03442422,-0.172876148,-0.049735941,-0.105822323,0.022227299,-0.00334388
0,45,0,0,0.038435389,-0.133264818,0.255802942,-0.156335906,0.021420987,-0.002977314
0,45,0,10,0.060933986,-0.214318844,0.367725061,-0.251521305,-0.05465399,-0.006823177
0,45,0,10,0.047852677,-0.162882931,0.325995911,-0.22318237,-0.018291894,-0.003616858
0,45,5,-10,0.056030554,-0.216135178,0.268710264,-0.260567243,-0.047026424,-0.005929465
0,45,5,0,0.033970121,-0.165778561,0.039827553,-0.160452985,0.015011927,0.001322251
0,45,5,10,0.049266487,-0.168369691,0.312033005,-0.259076127,-0.025801046,-0.003400631
0,45,10,-10,0.054470496,-0.238323613,0.248389804,-0.29700896,-0.053861058,-0.006370318
0,45,10,0,0.0351644,-0.16692561,0.032573627,-0.199141771,0.007730694,0.005129106
0,45,10,10,0.049684087,-0.178670471,0.298324668,-0.294822917,-0.032241229,-0.003173688
0,45,15,-10,0.057832896,-0.216111302,0.24318704,-0.325711004,-0.060245923,-0.00961123
0,45,15,0,0.037349849,-0.163163426,0.022281588,-0.235532692,0.001865259,0.008915323
0,45,15,10,0.048880441,-0.170343342,0.29575285,-0.323208287,-0.043102125,-0.005567536
0,45,20,-10,0.05676631,-0.215409225,0.240541201,-0.353897637,-0.068518441,-0.012011423
0,45,20,0,0.035852135,-0.163131497,0.017215534,-0.27036167,-0.006369963,0.011990751
0,45,20,10,0.040875606,-0.167962527,0.266467903,-0.236054482,-0.019297701,-0.009525654
0,60,0,-10,0.048081101,-0.197004863,0.240862075,-0.223627044,-0.042763245,-0.002337935
0,60,0,0,0.02549417,-0.16429634,-0.001202051,-0.115607335,0.019037181,-0.00175295
0,60,0,10,0.039308876,-0.160325593,0.277127283,-0.221683126,-0.02004024,-0.001449502
0,60,5,-10,0.047007672,-0.231453145,0.217407727,-0.26225793,-0.046346091,-0.001736047
0,60,5,0,0.026394295,-0.1649387,-0.000637264,-0.149627094,0.010797154,0.000454457
0,60,5,10,0.040804173,-0.178392648,0.260460464,-0.25985847,-0.026551242,-0.000302381
0,60,10,-10,0.052085364,-0.222041225,0.212579337,-0.294384826,-0.055559538,-0.00407486
0,60,10,0,0.029149492,-0.168830498,-0.010676757,-0.187780932,0.003956721,0.004340575
0,60,10,10,0.046347946,-0.171787747,0.260358132,-0.29082467,-0.035423137,-0.002938045
0,60,15,-10,0.056276653,-0.221577071,0.201320694,-0.326178857,-0.06396901,-0.006359963
0,60,15,0,0.033616054,-0.169432968,-0.015320072,-0.221789154,-0.002392056,0.005037798
0,60,15,10,0.050877728,-0.175787541,0.247988984,-0.327715028,-0.046012415,-0.003858259
0,60,20,-10,0.061077552,-0.22386008,0.197623056,-0.360006419,-0.071454029,-0.009536565
0,60,20,0,0.04111135,-0.175310518,-0.024324138,-0.259142555,-0.012359894,0.006292464
0,60,20,10,0.072269347,-0.241518662,0.360281343,-0.420183125,-0.102457874,-0.018841739
